0,510
0,509
0,508
0,507
0,506
0,505
0,504
0,503
0,502
49,5
0,501
0,500
49,4
0,499
49,3
49,2
0,498
49,1
49,0
0,497
0,496
48,5
0,495
0,494
48,4
48,3
48,2
48,1
48,0
47,4
47,3
47,2
47,1
47,0
46,3
46,2
46,1
46,0
45,4
45,3
45,2
45,1
45,0
0,493
44,3
44,2
44,1
44,0
0,492
0,491
0,490
0,489
0,488
0,487
0,486
0,485
0,484
0,483
0,482
0,481
0,480
0,479
43,5
0,478
0,477
0,476
43,4
0,475
0,474
43,3
43,2
0,473
0,472
43,1
43,0
0,471
0,470
0,469
42,5
0,468
42,4
0,467
0,466
0,465
42,3
42,2
0,464
42,1
42,0
0,463
0,462
41,4
0,461
0,460
41,3
41,2
0,459
41,1
41,0
0,458
0,457
0,456
40,3
40,2
40,1
40,0
39,4
39,3
39,2
39,1
39,0
38,3
38,2
38,1
38,0
0,455
0,454
0,453
0,452
0,451
0,450
37,5
0,449
0,448
37,4
37,3
37,2
37,1
37,0
0,447
36,5
0,446
0,445
36,4
